000 6186 10683 16599 343 862 1705 494 358 1656 069 17836 7091 19589 1749 077 2770 567 24573 22995 4351 1575 1193 000 021 1674 1142 000 000 000 000 000 000 000 000 000 000 000 000 000 000 000 000 000 000 000 000 000 000 000 000 000 000 000 000 734 000 188 000 000 000 000 011 000 000 000 000 000 000 000 000 000 000 031 036 000 000 000 000 000 032 150 000 000 65913 109 4435 245 3179 055 
4598 000 000 018 2457 000 000 000 3948 201 000 4538 000 000 000 1299 000 000 4508 323 151 1188 018 000 000 034 000 000 000 000 000 000 000 013 000 000 000 000 000 000 000 000 000 000 000 000 000 000 000 000 000 000 000 064 006 356 015 016 000 000 000 000 000 000 000 000 000 000 000 000 000 000 000 000 000 000 000 000 000 000 011 000 000 000 019 000 040 000 000 000 
13980 000 1239 013 6813 000 000 3056 20851 000 126 1383 000 239 000 21502 000 000 2875 000 3589 6930 000 000 000 000 000 000 000 000 016 000 000 000 000 000 000 000 000 000 000 000 000 000 000 000 000 000 000 000 000 000 000 265 145 509 512 029 000 000 000 000 000 000 000 000 000 000 000 000 000 000 000 000 000 000 000 000 000 000 032 000 000 000 142 000 034 000 016 000 
13855 000 000 010 43420 000 000 021 8555 021 000 042 156 006 000 17825 000 029 1121 013 000 1853 130 022 000 013 000 000 000 000 000 000 000 000 000 000 000 000 000 000 000 000 000 000 000 000 000 000 000 000 000 000 000 039 215 833 330 000 000 000 000 000 000 000 000 000 000 000 000 000 000 000 000 000 036 000 000 000 000 000 000 018 000 000 2792 000 605 000 355 000 
2077 1393 8298 5005 477 1990 3764 106 301 1998 000 20579 6651 40526 1253 734 2130 435 25575 37564 3931 188 3089 033 3000 273 2106 000 000 000 000 000 000 000 000 000 000 000 000 000 000 000 000 000 000 000 000 000 000 000 000 000 000 031 000 257 080 046 000 000 000 000 000 000 000 000 000 000 000 000 000 000 000 006 018 000 000 000 000 000 016 044 000 000 63296 017 2392 235 1300 000 
1714 000 000 000 1592 039 000 000 3298 000 000 501 000 000 000 3019 000 000 1262 000 000 1749 000 000 000 000 000 000 000 000 000 000 000 000 000 000 000 000 000 000 000 000 000 000 000 000 000 000 000 000 000 000 000 190 017 239 050 000 000 000 000 000 000 000 000 000 000 000 000 000 000 000 000 000 000 000 000 000 000 000 000 000 000 000 047 000 000 000 000 000 
4012 000 000 000 1766 000 006 000 1776 016 000 602 078 816 000 3327 000 000 2234 025 078 4022 000 000 000 000 000 000 000 000 000 000 000 000 000 000 000 000 000 000 000 000 000 000 000 000 000 000 000 000 000 000 000 045 294 177 049 193 000 000 000 038 000 016 000 000 000 000 000 000 000 000 000 000 000 000 000 000 000 000 000 000 000 000 071 000 024 000 000 000 
6618 000 000 010 1484 000 000 000 1365 000 000 000 000 000 000 3043 000 000 000 000 122 569 000 000 000 013 000 000 000 000 000 000 000 000 000 000 000 000 000 000 000 000 000 000 000 000 000 000 000 000 000 000 000 079 028 208 018 000 000 000 000 000 000 000 000 000 000 000 000 000 000 000 000 011 000 000 000 000 000 000 000 000 000 000 112 000 051 000 000 000 
10172 2615 12750 10323 13513 791 3747 051 086 762 000 4214 5417 12986 152 10826 1052 531 3963 7672 5508 656 3022 000 038 038 1990 000 000 000 000 000 000 000 000 000 000 000 000 000 000 000 000 000 000 000 000 000 000 000 000 000 000 066 719 000 7068 000 000 000 000 000 000 000 000 000 000 000 000 000 000 000 000 000 000 000 000 000 000 000 000 000 000 000 2120 000 079 000 046 000 
1481 000 000 000 2064 000 000 000 072 000 000 000 000 000 000 2168 000 000 000 000 000 969 000 000 000 000 000 000 000 000 000 000 013 000 000 000 016 000 000 000 000 000 000 000 000 000 000 000 000 000 000 000 000 017 089 000 123 000 000 000 000 000 000 000 000 000 000 000 000 000 000 000 000 000 000 000 000 000 000 000 000 000 000 000 017 000 000 000 000 000 
038 000 000 000 033 000 000 000 055 000 000 000 000 000 000 000 000 000 000 000 000 000 000 000 000 000 000 000 000 000 000 000 000 000 000 000 000 000 000 000 000 000 000 000 000 000 000 000 000 000 000 000 000 000 000 000 000 000 000 000 000 000 000 000 000 000 000 000 000 000 000 000 000 000 000 000 000 000 000 000 000 000 000 000 134 000 066 000 026 000 
27915 073 323 589 11344 186 1009 000 9307 000 000 4080 761 027 000 14710 307 303 013 222 2040 2492 862 000 000 111 050 000 000 000 000 000 000 000 000 000 000 000 000 000 000 000 000 000 000 000 000 000 000 000 000 000 000 297 111 1860 244 104 000 000 000 000 000 000 000 000 000 000 000 000 000 000 000 000 018 011 000 000 000 000 000 000 000 000 23105 011 920 079 969 000 
10310 2676 000 000 10277 000 000 000 7735 000 000 000 000 190 000 9494 6137 000 000 000 000 2721 000 000 011 000 000 000 000 000 000 000 000 000 000 000 000 000 000 000 000 000 000 000 000 000 000 000 000 000 000 000 000 2401 141 586 208 151 000 000 000 000 000 000 000 000 000 000 000 000 000 000 000 000 000 000 000 000 000 000 000 000 000 000 221 000 023 000 017 000 
13924 000 8629 8815 8158 1181 1523 022 5662 158 038 051 306 158 000 12362 000 399 579 4545 21970 2551 1092 024 000 017 549 000 000 000 000 000 000 000 000 000 000 000 000 000 000 000 000 000 000 000 000 000 000 000 000 000 000 166 059 356 429 084 000 000 000 000 000 000 000 000 000 000 000 000 000 000 000 000 000 000 000 000 000 000 044 061 000 000 36760 017 1669 063 1163 011 
1571 000 000 000 101 000 000 000 031 000 000 000 000 000 000 1423 000 000 000 000 000 000 000 000 000 000 000 000 000 000 000 000 000 000 000 000 000 000 000 000 000 000 000 000 000 000 000 000 000 000 000 000 000 000 000 032 035 000 000 000 000 000 000 000 000 000 000 000 000 000 000 000 000 000 000 000 000 000 000 000 000 000 000 000 000 000 000 000 000 000 
269 4214 5022 4528 151 688 874 058 061 373 031 5890 7755 21023 000 150 1483 088 18195 32299 3876 198 1216 089 066 937 250 000 000 000 000 000 000 000 000 000 000 000 000 000 000 000 000 000 000 015 044 000 000 000 000 000 000 000 110 085 000 000 000 000 000 000 000 000 000 000 000 000 000 000 000 000 000 000 029 000 000 000 012 000 038 181 000 000 48421 084 5232 270 3628 173 
10981 000 389 000 7094 000 000 068 2213 000 000 2369 000 000 000 11475 016 000 8809 021 621 3465 000 000 000 028 000 000 000 000 000 000 000 000 000 000 000 000 000 000 000 000 000 000 000 000 000 000 000 000 000 000 000 171 020 063 115 805 000 000 000 000 000 000 000 000 000 000 000 000 000 000 000 000 000 000 000 000 000 000 018 000 000 000 016 000 039 089 000 000 
038 000 000 000 000 000 000 000 000 000 000 000 000 000 000 000 000 000 000 000 000 18611 000 000 000 000 000 000 000 000 000 000 000 000 000 000 000 000 000 000 000 000 000 000 000 000 000 000 000 000 000 000 000 000 000 000 000 000 000 000 000 000 000 000 000 000 000 000 000 000 000 000 000 000 000 000 000 000 000 000 000 000 000 000 000 000 000 000 000 000 
23927 353 1694 2476 24087 138 1526 000 10673 067 049 1302 3688 1815 000 13129 265 944 4063 2216 5040 1895 629 013 000 016 331 000 000 000 000 000 000 000 000 000 000 000 000 000 000 000 000 000 000 000 000 000 000 000 000 000 000 2035 625 1902 462 011 000 000 000 000 000 000 000 000 000 000 000 000 000 000 000 014 000 000 000 000 000 000 000 056 000 000 16064 017 1111 066 939 000 
7748 055 2652 795 11648 529 227 173 10934 000 000 278 1672 016 000 8846 3539 054 018 206 15210 6575 043 000 000 000 000 000 000 000 000 000 000 000 000 000 000 000 000 000 000 000 000 000 000 000 000 000 000 000 000 000 000 033 207 1015 482 020 000 000 000 000 000 000 000 000 000 000 000 000 000 000 000 000 018 000 000 000 000 000 130 154 000 000 56238 276 6373 334 4518 016 
17792 015 064 000 19442 000 000 106 11873 000 000 113 042 000 000 14340 107 000 10201 037 258 4387 010 000 000 133 264 000 000 000 000 000 000 000 000 000 000 000 000 000 000 000 000 000 000 000 000 000 000 000 000 000 000 1370 463 470 554 098 000 000 000 000 000 000 000 000 000 000 000 000 000 000 000 000 000 000 000 000 000 000 000 000 000 000 160 000 021 011 039 000 
3512 882 2966 2683 24076 225 714 033 3720 443 000 3206 2042 12928 000 170 1597 024 4439 3892 1828 000 324 000 011 825 247 000 000 000 000 000 000 000 000 000 000 000 000 000 000 000 000 000 000 000 000 000 000 000 000 000 000 114 746 274 011 000 000 000 000 000 000 000 000 000 000 000 000 000 000 000 000 000 000 000 000 000 000 000 000 000 000 000 2480 000 000 000 000 000 
3171 000 000 000 5954 000 000 000 5983 000 000 000 000 000 000 2384 000 000 000 000 000 274 000 000 000 000 000 000 000 000 000 000 000 000 000 000 000 000 000 000 000 000 000 000 000 000 000 000 000 000 000 000 000 042 100 569 030 000 000 000 000 000 000 000 000 000 000 000 000 000 000 000 000 000 000 000 000 000 000 000 000 000 000 000 013 010 000 000 000 000 
088 000 000 000 000 000 000 000 024 000 000 000 000 000 000 013 000 000 000 000 000 000 000 022 000 000 000 000 000 000 000 000 000 000 000 000 000 000 000 000 000 000 000 000 000 000 000 000 000 000 000 000 000 000 000 000 000 000 000 000 000 000 000 000 000 000 000 000 000 000 000 000 000 000 000 000 000 000 000 000 000 000 000 000 011 000 011 000 100 000 
190 000 300 000 160 000 000 000 2280 000 000 000 000 000 000 010 666 000 000 000 510 019 000 000 000 000 000 000 000 000 000 000 000 000 000 000 000 000 000 000 000 000 000 000 000 000 000 000 000 000 000 000 000 000 000 000 011 000 000 000 000 000 000 000 000 000 000 000 000 000 000 000 000 000 000 000 000 000 000 000 000 000 000 000 020 000 000 000 012 000 
1145 000 000 000 578 000 000 000 038 000 000 000 010 017 000 754 000 000 000 010 000 156 000 000 000 000 000 000 000 000 000 000 000 000 000 000 000 000 000 000 000 000 000 000 000 000 000 013 000 000 000 000 000 000 044 000 049 000 000 000 000 000 015 000 000 000 000 000 000 000 000 000 000 000 000 000 000 000 089 000 000 000 000 000 12403 000 290 018 060 000 
2829 000 223 000 006 000 073 000 292 000 000 000 013 000 000 771 000 227 000 000 000 038 000 000 000 000 036 000 000 000 000 000 000 000 000 000 000 000 000 000 000 000 000 000 000 000 000 000 000 000 000 000 000 280 000 000 426 000 000 000 000 000 000 000 000 000 000 000 000 000 000 000 000 000 000 000 000 000 000 000 000 024 000 000 1518 000 192 000 213 000 
014 038 047 152 000 079 044 072 000 000 000 366 061 354 026 000 109 097 196 249 100 057 022 000 000 292 000 000 000 013 000 000 036 000 013 013 000 000 016 036 029 000 000 000 026 000 000 000 000 000 000 000 000 000 000 000 000 000 000 000 000 000 000 000 000 000 000 000 000 000 000 000 000 000 000 000 000 000 000 000 000 000 000 000 338 000 000 000 000 000 
280 000 000 000 031 000 000 000 023 000 000 169 000 000 000 052 000 000 037 000 000 119 000 000 000 000 000 000 011 011 032 000 000 000 000 000 000 000 000 000 000 000 000 000 000 000 000 000 000 000 000 000 000 000 000 000 000 000 000 000 000 000 000 000 000 000 000 000 000 000 000 000 000 000 000 000 000 000 000 000 000 000 000 000 000 000 000 000 000 000 
960 000 000 000 010 000 000 200 097 000 000 037 000 000 000 1463 000 000 091 000 000 318 000 000 000 000 000 000 000 000 000 013 000 000 000 030 000 000 000 013 013 000 000 039 000 000 000 000 000 000 000 000 000 039 016 000 098 013 000 000 000 000 000 000 000 000 000 000 000 000 000 000 000 000 000 000 000 000 000 000 000 000 000 000 011 000 000 000 021 000 
105 000 000 000 696 000 032 000 231 000 000 000 000 000 000 105 000 000 000 000 000 095 000 042 000 000 000 000 000 000 000 046 000 000 013 000 000 000 000 000 000 000 000 000 000 000 000 000 000 000 000 000 000 000 021 000 000 000 000 000 000 000 000 000 000 000 000 000 000 000 000 000 000 000 000 000 000 000 000 000 000 000 000 000 042 000 000 000 000 000 
000 000 013 123 000 000 014 000 000 052 000 1268 052 1338 000 000 010 000 013 1363 016 052 045 000 052 000 000 000 000 000 000 000 000 013 000 032 000 018 000 000 085 000 000 000 000 016 013 015 000 000 000 000 000 000 000 000 000 000 000 000 000 000 000 000 000 000 000 000 000 000 000 000 000 000 000 000 000 000 000 000 013 000 000 000 065 000 017 000 021 000 
013 000 000 000 323 000 000 000 055 000 000 101 000 000 000 096 000 000 120 000 000 034 000 000 000 000 000 013 000 000 000 036 000 000 000 073 000 000 000 016 000 000 000 000 000 000 000 000 000 000 000 000 000 000 000 000 000 000 000 000 000 000 000 000 000 000 000 000 000 013 000 000 000 000 000 000 000 000 000 000 000 000 000 000 000 000 000 000 000 011 
298 000 000 000 210 000 000 000 024 000 000 038 000 000 000 155 000 000 229 000 000 404 000 000 000 000 000 000 000 000 000 000 000 000 000 000 000 000 000 000 000 000 000 013 044 000 000 000 000 000 000 000 000 000 000 000 000 013 000 000 000 000 000 000 000 000 000 000 000 000 000 000 000 000 000 000 000 000 000 000 000 000 000 000 013 000 000 000 000 000 
581 000 000 000 118 000 000 000 147 000 000 000 000 000 000 194 000 000 000 000 000 034 000 000 000 000 000 000 000 000 000 000 000 000 000 000 000 000 000 000 000 000 000 000 000 000 000 000 000 000 000 000 000 019 011 000 000 000 000 000 000 000 000 000 000 000 000 000 000 000 000 000 000 000 000 000 000 000 000 000 000 000 000 000 013 000 013 000 000 000 
000 000 000 000 006 000 207 000 000 000 000 026 000 543 000 000 000 000 080 181 019 000 000 000 000 000 000 000 000 000 030 016 049 000 000 013 000 000 093 000 023 072 077 000 000 000 000 000 000 000 000 000 000 000 000 000 000 000 000 000 000 000 000 000 000 000 000 000 000 000 000 000 000 000 000 000 000 000 000 000 037 000 000 000 129 000 016 000 049 000 
053 000 000 000 077 000 000 000 000 000 000 000 000 000 000 287 000 000 032 000 000 102 000 000 000 000 000 000 000 000 000 000 000 000 000 000 000 000 000 000 000 000 000 000 000 000 000 000 000 000 000 000 000 000 000 000 000 000 000 000 000 000 000 000 000 000 000 000 000 000 000 000 000 000 000 000 000 000 000 000 016 000 000 000 000 000 000 000 000 000 
036 000 000 000 027 000 000 112 012 000 000 000 000 000 000 000 000 000 021 000 000 010 000 000 000 000 000 000 000 000 000 000 000 000 000 000 000 000 000 000 000 000 000 000 000 000 000 000 000 000 018 000 000 000 000 000 000 000 000 000 000 000 000 000 000 000 000 000 000 000 000 000 000 000 000 000 000 000 000 000 000 000 000 000 000 000 000 000 000 000 
1884 000 000 000 122 000 000 000 113 000 000 018 000 000 000 1258 000 000 000 000 000 204 000 000 000 000 000 016 000 000 000 072 000 000 000 000 000 000 000 000 000 000 000 000 000 000 000 016 000 000 000 000 000 011 000 000 031 000 000 000 000 000 000 000 000 000 000 000 000 000 000 000 000 000 000 000 000 000 000 000 000 000 000 000 021 000 000 000 000 000 
490 000 000 000 358 000 000 000 515 000 000 000 000 000 000 370 000 000 000 000 000 153 000 000 000 000 000 000 000 000 000 000 000 000 000 072 000 000 000 000 000 000 000 000 000 000 000 000 000 000 142 000 000 077 869 000 000 000 000 000 000 000 000 000 000 000 000 000 000 000 000 000 000 000 000 000 000 000 000 000 010 000 000 000 013 000 026 000 016 000 
302 000 000 000 035 000 000 000 749 000 000 000 000 000 000 1099 000 000 000 000 000 069 000 000 000 000 000 026 000 000 013 023 000 000 000 072 000 000 000 000 000 000 000 000 000 000 013 000 000 000 000 000 000 039 014 000 000 013 000 000 000 000 000 000 000 000 000 000 000 000 000 000 000 000 000 000 000 000 000 000 011 000 000 000 062 000 011 000 022 000 
015 202 023 011 000 000 000 000 000 037 000 032 137 000 000 000 018 000 068 028 010 000 018 000 000 000 000 000 000 000 000 000 000 000 000 000 000 000 000 000 000 000 000 000 000 011 000 000 000 000 000 000 000 000 000 000 000 000 000 000 000 000 000 000 000 000 000 000 000 000 000 000 000 000 000 000 000 000 000 000 000 000 000 000 272 014 014 044 014 000 
926 000 000 000 1280 000 000 000 255 000 000 090 000 000 000 1148 000 000 289 015 000 074 000 000 000 000 000 029 000 000 000 000 000 044 000 000 000 000 000 000 077 000 000 000 174 000 000 000 000 000 000 000 000 000 000 026 000 013 000 000 000 000 000 000 000 000 000 000 000 000 000 000 000 000 000 000 000 000 000 000 000 000 000 000 000 000 000 000 000 000 
000 013 000 000 000 000 000 013 000 013 000 000 000 000 000 000 000 000 000 000 000 549 000 000 000 000 000 000 000 000 000 000 000 000 000 000 000 000 000 000 000 000 000 000 000 000 000 000 000 000 000 000 000 000 000 000 000 000 000 000 000 000 000 000 000 000 000 000 000 000 000 000 000 000 000 000 000 000 000 000 013 000 000 000 000 000 000 000 000 000 
216 000 000 000 580 000 000 000 186 000 000 000 000 000 000 142 000 000 000 000 000 038 000 000 000 000 000 000 000 000 026 000 000 000 000 148 000 000 000 142 000 000 000 000 000 000 000 000 000 000 000 000 000 000 000 011 000 000 000 000 000 000 000 000 000 000 000 000 000 000 000 000 000 000 000 000 000 000 000 000 013 000 000 000 031 000 029 000 034 000 
179 000 125 000 400 000 000 016 718 000 000 020 022 000 000 322 000 000 000 000 022 220 000 000 000 000 000 042 000 000 000 000 000 000 000 000 000 000 000 000 013 011 000 000 000 000 016 000 000 000 000 000 000 035 011 079 048 000 000 000 000 000 000 000 000 000 000 000 000 000 000 000 000 000 000 000 000 000 000 000 000 000 000 000 000 000 000 000 032 000 
240 000 000 000 199 000 000 011 194 014 000 039 000 000 000 364 000 000 201 000 000 000 000 013 000 000 000 016 000 000 000 026 000 000 000 000 000 000 000 000 000 000 000 000 000 000 000 000 044 000 000 000 000 000 000 000 000 000 000 000 000 000 000 000 000 000 000 000 000 000 000 000 000 000 000 000 000 000 000 000 000 000 000 000 000 000 000 000 000 000 
000 000 016 000 000 000 000 000 000 000 000 000 000 857 000 000 000 000 026 000 000 000 000 000 000 000 000 036 000 000 016 000 000 000 000 000 000 000 000 000 013 000 000 000 000 000 000 000 000 000 000 000 000 000 000 000 000 000 000 000 000 000 000 000 000 000 000 000 000 000 000 000 000 000 000 000 000 000 000 000 013 000 000 000 000 000 015 000 000 000 
179 000 000 000 057 000 000 000 088 000 000 000 000 000 000 000 000 000 000 000 000 000 000 000 000 000 000 000 000 000 000 000 000 000 000 000 000 000 000 000 000 000 000 000 016 000 000 000 000 000 000 000 000 031 044 013 000 000 000 000 000 000 000 000 000 000 000 000 000 000 000 000 000 000 000 000 000 000 000 000 016 000 000 000 000 000 030 000 014 000 
079 000 000 000 000 000 000 011 000 000 000 000 000 000 000 000 000 000 000 000 000 000 000 000 000 000 000 000 000 000 000 000 011 000 000 000 000 000 000 000 000 000 000 000 000 000 000 000 000 011 000 000 000 000 000 000 000 000 000 000 000 000 000 000 000 000 000 000 000 000 000 000 000 000 000 000 000 000 000 000 000 000 000 000 000 000 000 000 016 000 
040 000 000 000 000 000 000 000 000 000 000 000 000 000 000 000 000 000 000 000 018 000 000 000 000 000 000 000 000 000 000 000 000 000 000 013 000 000 000 000 000 000 000 000 000 000 000 000 000 000 000 000 000 000 000 000 000 000 000 000 000 000 000 000 000 000 000 000 000 000 000 000 000 000 000 000 000 000 000 000 000 000 000 000 096 000 030 000 016 000 
031 000 000 000 000 000 000 000 000 000 000 000 000 000 000 066 000 000 000 000 000 000 000 000 000 000 000 000 000 000 000 000 000 000 000 000 000 000 000 000 000 000 000 000 000 000 000 000 000 000 000 000 000 000 000 000 000 000 000 000 000 000 000 000 000 000 000 000 000 000 000 000 000 000 000 000 000 000 000 000 000 000 000 000 1058 000 027 000 000 000 
046 000 000 000 033 000 000 000 000 000 000 000 000 000 000 000 000 000 000 000 000 000 000 000 000 000 000 000 000 000 000 000 000 000 000 000 000 000 000 000 000 000 000 000 000 000 000 000 000 000 000 000 000 000 000 000 059 000 000 000 000 000 000 000 000 000 000 000 000 000 000 000 000 000 000 000 000 000 000 000 000 000 000 000 000 000 000 000 000 000 
000 061 358 015 000 081 139 000 000 000 000 221 163 1765 000 000 046 022 198 2709 413 021 070 000 013 011 060 000 000 000 000 000 000 000 000 000 000 000 000 000 000 000 000 000 000 000 000 000 000 000 000 000 000 000 000 000 000 000 000 000 000 000 000 000 000 000 000 000 000 000 000 000 000 000 000 000 000 000 000 000 000 000 000 000 1639 000 022 000 011 000 
092 021 366 146 000 056 193 000 000 000 000 364 051 757 000 000 082 000 293 814 339 000 000 000 896 000 000 000 000 000 000 000 000 000 000 000 000 000 000 000 000 000 000 000 000 000 000 000 000 000 000 000 000 000 000 000 000 000 000 000 000 000 000 000 000 000 000 000 000 000 000 000 000 000 000 000 000 000 000 000 000 030 000 000 1060 000 043 000 000 000 
4484 115 558 329 000 221 085 000 000 000 000 020 242 464 000 130 000 000 095 773 1302 000 045 000 000 000 039 000 000 000 000 000 000 000 000 000 000 000 000 000 000 000 000 000 000 000 000 000 000 000 000 000 000 000 000 000 000 000 000 000 000 000 000 000 000 000 000 000 000 000 000 000 000 000 000 000 000 000 000 000 013 013 000 000 1317 000 304 033 058 000 
000 000 102 037 000 064 146 000 000 022 000 527 631 7098 000 000 063 000 225 064 066 000 195 000 062 000 000 000 000 000 000 000 000 000 000 000 000 000 000 000 000 000 000 000 000 000 000 000 000 000 000 000 000 000 000 000 000 000 000 000 000 000 000 000 000 000 000 000 000 000 000 000 000 000 000 000 000 000 000 000 000 000 000 000 2074 000 035 044 131 000 
097 815 049 000 031 000 000 000 000 011 000 270 108 813 013 000 000 000 013 101 039 000 000 000 000 000 000 000 000 000 000 000 000 000 000 000 000 000 000 000 000 000 000 000 000 000 000 000 000 000 000 000 000 000 000 000 000 000 000 000 000 000 000 000 000 000 000 000 000 000 000 000 000 000 000 000 000 000 000 000 000 000 000 000 000 000 000 000 011 000 
000 000 000 000 000 000 000 000 000 000 000 046 000 089 000 000 000 000 000 000 000 000 013 000 000 000 000 000 000 000 000 000 000 000 000 000 000 000 000 000 000 000 000 000 000 000 000 000 000 000 000 000 000 000 000 000 000 000 000 000 000 000 000 000 000 000 000 000 000 000 000 000 000 000 000 000 000 000 000 000 000 000 000 000 000 000 000 000 000 000 
000 000 000 000 000 000 000 000 000 000 000 024 000 000 000 000 000 000 000 010 000 000 000 000 000 000 000 000 000 000 000 000 000 000 000 000 000 000 000 000 000 000 000 000 000 000 000 000 000 000 000 000 000 000 000 000 000 000 000 000 000 000 000 000 000 000 000 000 000 000 000 000 000 000 000 000 000 000 000 000 000 000 000 000 000 000 000 000 000 000 
000 000 000 000 000 000 000 000 000 000 000 000 000 000 000 000 000 000 000 000 000 000 000 000 000 000 000 000 000 000 000 000 000 000 000 000 000 000 000 000 000 000 000 000 000 000 000 000 000 000 000 000 000 000 000 000 000 000 000 000 000 000 000 000 000 000 000 000 000 000 000 000 000 000 000 000 000 000 000 000 000 000 000 000 000 000 000 000 000 000 
000 000 000 000 018 000 000 000 020 000 000 000 000 000 000 000 000 000 000 000 000 000 000 000 000 000 000 000 000 000 000 000 000 000 000 000 000 000 000 000 000 000 000 000 000 000 000 000 000 000 000 000 000 000 000 000 000 000 000 000 000 000 000 000 000 000 000 000 000 000 000 000 000 000 000 000 000 000 000 000 000 000 000 000 000 000 000 000 000 000 
000 000 000 000 000 000 000 000 000 000 000 000 000 000 000 000 000 000 000 000 000 000 000 000 000 000 000 000 000 000 000 000 000 000 000 000 000 000 000 000 000 000 000 000 000 000 000 000 000 000 000 000 000 000 000 000 000 000 000 000 000 000 108 227 137 114 083 097 062 031 263 229 000 000 000 011 000 017 000 000 015 000 000 000 156 000 015 000 086 000 
000 000 000 000 000 000 000 000 000 000 000 000 000 000 000 000 000 000 000 000 000 000 000 000 000 000 000 000 000 000 000 000 000 000 000 000 000 000 000 000 000 000 000 000 080 000 000 000 016 000 000 000 000 000 000 000 000 000 000 000 000 000 128 048 000 010 032 000 021 000 000 561 000 000 000 000 000 000 000 000 015 000 000 000 213 000 011 000 076 000 
000 000 000 000 000 000 000 000 000 000 000 000 000 000 000 000 000 000 000 000 000 000 000 000 000 000 000 000 000 000 000 000 000 000 000 000 000 000 000 000 000 000 000 000 000 000 000 000 000 000 000 000 000 000 000 000 000 000 000 000 000 000 028 015 000 022 000 023 000 000 000 012 000 000 000 000 000 012 000 000 026 000 000 000 165 000 000 000 063 000 
000 000 000 000 000 000 000 000 000 000 000 000 000 000 000 000 000 000 000 000 000 000 000 000 000 010 000 000 000 000 000 000 000 000 000 000 000 000 000 000 000 000 000 000 000 000 000 000 000 000 000 000 000 000 000 000 000 000 000 000 000 000 000 000 046 011 011 065 000 000 013 056 000 000 000 000 000 012 000 000 000 013 000 000 210 000 000 000 011 011 
000 000 000 000 000 000 000 000 000 000 000 000 000 000 000 000 000 000 000 000 000 000 000 000 000 000 000 000 000 000 000 000 000 000 000 000 000 000 000 000 000 000 000 000 000 000 000 000 000 000 000 000 000 000 000 000 000 000 000 000 000 000 011 000 018 000 000 000 000 022 000 109 000 000 000 000 000 012 000 000 000 000 000 000 118 000 013 000 000 000 
000 000 000 000 000 000 000 000 000 000 000 000 000 000 000 000 000 000 000 000 000 000 000 000 000 000 000 000 000 000 000 000 000 000 000 000 000 000 000 000 000 000 000 000 000 000 000 000 000 000 000 000 000 000 000 000 000 000 000 000 000 000 013 000 000 000 037 026 000 135 000 000 000 000 000 000 000 000 000 000 000 000 000 000 214 000 000 000 000 000 
000 000 000 000 000 000 000 000 000 000 000 000 000 000 000 000 000 000 000 000 000 000 000 000 000 000 000 000 000 000 000 000 000 000 000 000 000 000 000 000 000 000 000 000 000 000 000 000 000 000 000 000 000 000 000 000 000 000 000 000 000 000 031 000 000 017 000 000 000 000 000 018 000 000 000 000 000 000 000 000 000 000 000 000 145 000 000 000 015 000 
000 000 000 000 000 000 000 000 000 000 000 000 000 000 000 000 000 000 000 000 000 000 000 000 000 000 000 000 000 000 000 000 000 000 000 000 000 000 000 000 000 000 000 000 000 000 000 000 000 000 000 000 000 000 000 000 000 000 000 000 000 000 010 010 000 018 000 029 000 000 000 011 000 000 000 000 000 000 000 000 051 000 000 000 094 000 013 013 029 000 
000 000 000 000 000 000 000 000 000 000 000 000 000 000 000 000 000 000 000 000 000 000 000 000 000 000 000 000 000 000 000 000 000 000 000 000 000 000 000 000 000 000 000 000 000 000 000 000 000 000 000 000 000 000 000 000 000 000 000 000 000 000 040 000 022 024 000 109 031 000 027 043 000 000 000 000 000 017 000 000 000 000 000 000 011 000 013 042 000 000 
000 000 000 000 000 000 000 000 000 000 000 000 000 000 000 000 000 000 000 000 000 000 000 000 000 000 000 000 000 000 000 000 000 000 000 000 000 000 000 000 000 000 000 000 000 000 000 000 000 000 000 000 000 000 000 000 000 000 000 000 000 000 321 000 024 029 000 000 033 032 000 363 011 000 000 000 000 032 000 000 022 000 000 000 514 000 000 000 047 016 
000 000 000 000 000 000 000 000 000 000 000 000 000 000 000 000 000 000 000 000 000 000 000 000 000 000 000 000 000 000 000 000 000 000 000 000 000 000 000 000 000 000 000 000 000 000 000 000 000 000 000 000 000 000 000 000 000 000 000 000 000 000 000 000 000 000 000 000 000 000 000 000 000 000 000 000 000 000 000 000 000 000 000 000 011 000 000 000 000 000 
000 000 000 000 000 000 000 000 000 000 000 000 000 000 000 000 000 000 000 000 000 000 000 000 000 000 000 000 000 000 000 000 000 000 000 000 000 000 000 000 000 000 000 000 000 000 000 000 000 000 000 000 000 000 000 000 000 000 000 000 000 000 000 000 000 000 000 000 000 000 000 000 000 000 000 000 000 000 000 000 000 000 000 000 056 000 000 000 000 000 
000 000 018 000 036 018 000 000 000 000 000 000 000 000 000 000 000 000 018 036 000 000 011 000 000 000 000 000 000 000 000 000 000 000 000 000 000 000 000 000 018 000 000 000 000 000 000 000 000 000 000 000 000 000 000 000 000 000 000 000 000 000 000 000 000 000 000 000 000 000 000 000 000 000 000 000 000 000 000 000 000 000 000 000 126 000 029 000 000 000 
000 000 000 000 000 000 000 011 000 000 000 000 000 000 000 000 000 000 010 000 000 000 000 000 000 011 000 000 000 000 000 000 000 000 000 000 000 000 000 000 000 000 000 000 000 000 000 000 000 000 000 000 000 000 000 000 000 000 000 000 000 000 000 000 000 000 000 000 000 000 000 000 000 000 000 000 000 000 000 000 000 000 000 000 000 000 000 000 000 000 
000 000 000 000 000 000 000 000 000 000 000 000 000 000 000 000 000 000 000 000 000 000 000 000 000 000 000 000 000 000 000 000 000 000 000 000 000 000 000 000 000 000 000 000 000 000 000 000 000 000 000 015 000 000 000 000 000 000 000 000 000 000 000 000 000 000 000 000 000 000 000 000 000 000 000 000 000 000 000 000 000 000 000 000 000 000 000 000 000 000 
000 000 000 000 000 000 000 000 000 000 000 000 000 000 000 000 000 000 000 000 000 000 000 000 000 000 000 000 000 000 000 000 000 000 000 000 000 000 000 000 000 000 000 000 000 000 000 000 000 000 000 000 000 000 000 000 000 000 000 000 000 000 000 000 000 000 000 000 000 000 000 000 000 000 000 000 000 000 000 000 000 000 000 000 085 000 000 000 017 000 
000 000 012 000 000 000 000 000 000 000 000 000 000 000 000 089 000 000 000 000 000 000 000 000 000 000 000 000 032 039 000 018 000 000 000 000 000 000 000 000 000 000 000 000 000 000 000 000 000 000 000 000 000 000 000 000 000 000 000 000 000 000 000 000 000 000 000 000 000 000 000 000 000 000 000 000 000 000 089 000 000 000 000 000 018 000 000 000 000 000 
022 000 023 000 000 000 000 000 000 000 000 010 010 012 000 042 000 016 000 059 000 013 032 000 000 034 000 000 000 000 000 032 000 000 021 024 000 000 000 000 000 000 021 000 000 013 029 010 044 000 000 000 000 000 000 000 000 000 000 000 000 000 011 105 000 012 000 000 000 000 000 000 000 000 000 010 000 000 000 000 000 000 000 000 000 000 000 000 028 000 
000 000 000 000 000 000 000 000 000 000 000 000 000 000 000 000 000 000 000 000 000 000 000 000 000 000 000 000 000 000 011 000 000 000 000 000 000 000 000 000 000 000 000 000 000 000 000 000 000 000 000 000 000 000 000 000 000 000 000 000 000 000 000 000 000 000 000 000 000 000 000 000 000 000 000 000 000 000 000 000 000 000 000 000 298 000 209 000 165 000 
000 000 000 000 000 000 000 000 000 000 000 000 000 000 000 000 000 000 000 000 000 000 000 000 000 000 000 000 000 000 000 000 000 000 000 000 000 000 000 000 000 000 000 000 000 000 000 000 000 000 000 000 000 000 000 000 000 000 000 000 000 000 000 000 000 000 000 000 000 000 000 000 000 000 000 000 000 000 000 000 000 000 000 000 647 000 013 000 051 000 
000 000 000 000 000 000 000 013 000 000 000 000 000 000 000 000 028 000 000 000 000 000 000 000 000 021 000 046 000 065 028 053 000 013 000 000 000 000 113 018 010 011 197 070 000 036 011 000 011 000 000 013 000 000 000 000 000 000 000 000 000 000 000 000 000 000 000 000 000 000 000 000 000 000 000 000 000 000 000 000 000 000 000 000 000 000 000 000 000 000 
000 000 000 000 000 000 000 000 000 000 000 000 000 000 000 000 000 000 000 000 000 000 000 000 000 000 000 011 000 000 000 000 000 000 000 000 000 000 000 028 000 000 000 000 000 000 000 000 000 000 000 000 000 000 000 000 000 000 000 000 000 000 000 000 000 000 000 000 000 000 000 000 000 000 000 000 000 000 000 000 000 000 000 000 000 000 000 000 000 000 
26367 4052 27014 39611 39385 6519 3591 9046 8026 1124 022 33570 16047 9227 000 7429 28221 14882 8997 23281 10826 8673 6331 011 019 11187 108 2636 659 3293 1235 4134 778 1325 1044 1169 551 170 3412 2808 2174 922 4035 429 1205 2156 1145 913 354 117 053 1154 138 082 478 024 049 574 148 034 000 000 867 774 103 201 096 050 073 058 059 000 000 000 155 000 015 000 018 699 000 000 711 028 293 000 000 000 000 043 
000 000 000 000 000 000 000 000 000 000 000 000 000 000 000 000 000 000 000 000 000 000 000 000 000 000 000 000 000 000 000 000 000 000 000 000 000 000 000 000 000 000 000 000 000 000 000 000 000 000 000 000 000 000 000 000 000 000 000 000 000 000 000 000 000 000 000 000 000 000 000 000 000 000 000 000 000 000 000 000 000 000 000 000 572 000 000 000 000 000 
000 000 000 000 000 000 000 000 000 000 000 000 000 000 000 000 000 000 000 000 000 000 000 000 000 000 000 000 000 000 000 000 000 000 000 000 000 000 000 000 000 000 000 000 000 000 000 000 000 000 000 000 000 000 000 000 000 000 000 000 000 000 000 000 000 000 000 000 000 000 000 000 000 000 000 000 000 000 000 000 000 000 000 000 25065 000 000 000 000 000 
000 000 000 000 000 000 000 000 000 000 000 000 000 000 000 000 000 000 000 000 000 000 000 000 000 000 000 000 000 000 000 000 000 000 000 000 000 000 000 000 000 000 000 000 000 000 000 000 000 000 000 000 000 000 000 000 000 000 000 000 000 000 000 000 000 000 000 000 000 000 000 042 000 000 000 000 000 000 089 000 000 000 000 000 1453 000 000 000 000 000 
000 000 043 000 000 000 000 000 000 000 000 100 011 000 000 000 000 000 000 000 000 000 000 000 000 000 000 000 000 000 000 021 000 000 014 000 000 000 000 000 000 000 000 000 000 000 000 000 000 000 000 000 000 000 000 000 000 000 000 000 000 000 046 000 016 011 044 000 006 000 017 000 000 000 000 000 000 000 000 000 028 000 000 000 17576 000 000 000 156 000 
013 013 011 000 000 000 000 000 000 000 000 011 000 000 000 000 076 000 011 016 000 000 000 000 000 016 000 000 000 000 000 000 000 000 000 000 000 042 000 024 000 000 000 011 011 000 011 000 000 000 000 000 000 000 000 000 000 000 000 000 000 000 011 016 000 000 000 000 000 000 000 000 000 000 000 000 000 000 000 000 000 000 000 000 000 000 043 000 000 000 
