000 000 000 000 000 000 000 000 000 000 000 068 000 000 000 014 000 000 000 000 000 000 000 050 000 000 000 011 000 000 000 000 000 000 000 000 000 000 000 000 000 000 000 000 000 000 000 000 000 000 000 000 000 044 000 016 000 000 000 028 000 000 000 000 000 000 000 000 000 000 000 000 000 000 000 000 
000 000 000 000 000 000 000 000 000 000 049 057 000 000 000 000 000 000 000 024 000 000 000 000 000 000 000 000 000 000 000 000 000 000 000 000 000 000 084 000 000 029 000 000 000 000 000 000 000 000 000 000 000 000 000 000 000 000 000 000 000 000 000 000 000 000 000 000 000 053 000 026 000 000 000 000 
000 000 000 000 000 000 000 000 000 000 000 000 000 000 000 000 000 000 000 000 000 000 000 000 000 000 000 000 000 000 039 000 000 000 000 000 000 000 000 000 000 000 000 000 000 000 000 000 000 000 000 000 000 000 000 000 000 000 000 000 000 000 000 000 000 000 000 000 000 000 000 000 000 000 000 000 
000 000 000 000 000 000 000 000 000 000 000 000 000 000 000 000 000 000 000 000 000 000 000 000 000 000 000 000 000 000 000 000 000 000 000 000 000 000 000 000 000 000 000 000 000 000 000 000 000 000 000 000 000 000 000 046 000 000 000 015 000 000 000 000 000 000 000 000 000 000 000 000 000 000 000 000 
000 000 000 000 000 000 000 000 000 000 000 000 000 000 000 000 000 000 000 000 000 000 000 000 000 000 000 000 000 000 000 000 000 000 000 000 000 000 000 000 000 000 000 000 000 000 000 000 000 000 000 000 000 000 000 006 000 000 000 000 000 000 000 000 000 000 000 000 000 000 000 000 000 000 000 000 
000 000 000 000 000 000 000 000 000 000 000 000 000 000 000 000 000 000 000 000 000 000 000 000 000 000 000 000 000 000 000 000 000 000 000 000 000 000 000 000 000 013 000 000 000 000 000 000 000 000 000 000 000 000 000 000 000 000 000 011 000 000 000 000 000 000 000 000 000 000 000 000 000 000 000 000 
000 000 000 000 000 011 000 000 000 000 053 000 000 000 000 000 000 000 000 018 000 000 000 000 000 000 000 000 000 000 000 000 000 000 000 000 000 000 000 000 000 033 000 000 000 000 000 000 000 000 000 000 000 000 000 000 000 000 000 011 000 046 000 000 000 000 000 000 011 059 000 041 000 000 000 000 
000 000 000 000 000 000 000 000 000 000 000 026 000 000 000 000 000 000 000 000 000 000 000 028 000 000 000 000 000 000 000 000 000 000 000 018 000 000 000 000 000 000 000 000 000 000 000 000 000 000 000 000 000 065 000 000 000 000 000 018 000 010 000 000 000 000 000 000 000 098 000 015 000 000 000 000 
000 000 000 000 000 000 037 013 000 000 824 350 321 021 000 2597 000 000 000 138 000 000 173 024 013 024 000 143 023 000 000 000 164 039 093 000 643 000 000 270 000 216 055 000 000 515 000 000 000 079 298 000 080 133 000 010 040 000 000 011 000 092 000 000 000 011 000 468 000 103 100 846 038 000 439 000 
000 000 000 000 000 000 000 000 000 000 000 041 000 000 000 000 000 000 000 000 000 000 000 000 000 000 000 016 000 000 000 000 000 000 000 000 000 000 000 000 000 000 000 000 000 000 000 000 000 000 000 000 000 022 000 000 000 000 000 033 000 024 000 000 000 000 000 000 000 000 000 000 000 000 000 000 
013 034 000 041 000 000 018 010 352 000 847 2506 202 080 000 1107 000 000 000 106 000 026 217 096 010 013 016 164 076 000 000 000 108 466 053 027 400 019 138 204 013 313 079 000 023 368 000 000 000 047 084 037 034 1669 069 133 075 000 000 764 000 275 000 022 000 046 000 432 014 2279 186 739 029 091 076 000 
012 000 000 000 000 000 000 048 854 084 1068 093 093 367 000 111 000 000 111 4794 000 000 000 000 000 072 000 6230 2749 013 000 053 000 995 000 000 000 835 040 000 433 4522 000 000 000 000 079 000 034 839 000 000 1392 020 000 317 000 000 000 000 000 12863 000 000 013 000 000 1172 366 1561 4547 16946 000 607 018 000 
000 011 000 000 000 000 011 000 000 000 149 068 000 000 000 1396 000 000 000 175 000 000 557 000 000 024 013 000 000 000 000 000 054 000 021 000 188 000 029 316 000 050 024 000 013 251 000 013 000 000 122 000 000 026 000 000 000 000 016 063 000 000 000 000 000 013 000 405 011 068 000 055 011 000 229 000 
035 000 000 000 000 000 000 000 000 016 000 045 000 000 000 021 000 000 000 000 000 000 000 043 000 000 000 023 000 000 000 000 000 000 000 000 000 000 000 000 000 000 011 000 000 000 016 000 000 000 000 000 000 000 018 000 000 000 000 000 000 147 000 000 000 000 000 000 000 087 1076 000 000 048 000 000 
000 000 000 000 000 000 000 000 000 000 000 000 000 000 000 000 000 000 000 000 000 000 000 000 000 000 000 000 000 000 000 000 000 000 000 000 000 000 000 000 000 026 000 000 000 000 000 000 000 000 000 000 000 000 000 000 000 000 000 000 000 000 000 000 000 000 000 000 000 000 039 000 000 000 000 000 
016 000 000 052 006 000 000 000 000 000 1455 3821 045 157 000 016 000 000 116 1283 134 000 089 466 000 000 000 121 265 011 000 026 000 970 000 416 018 019 032 000 069 868 000 000 000 000 000 000 000 193 000 000 182 843 061 139 090 000 000 567 011 823 000 037 000 000 000 072 017 744 866 1878 000 040 000 000 
000 000 000 000 000 000 000 000 000 000 000 000 000 000 000 000 000 000 000 000 000 000 000 000 000 000 000 000 000 000 000 000 000 000 000 000 000 000 000 000 000 000 000 000 000 000 000 000 000 000 000 000 000 000 000 000 000 000 000 000 000 018 000 000 000 000 000 000 000 000 000 000 000 000 000 000 
000 000 000 000 000 000 000 000 000 000 024 030 000 032 000 000 000 000 000 000 000 000 000 000 000 000 000 000 000 000 000 000 000 000 000 000 000 000 062 000 000 036 000 000 000 000 000 000 000 000 000 000 000 000 000 000 000 000 000 000 000 016 000 000 000 000 000 000 000 073 000 030 000 000 000 000 
000 000 000 000 000 000 000 000 000 000 026 000 000 000 000 000 000 000 000 000 000 000 000 000 000 000 000 000 000 000 000 000 000 017 000 000 000 000 047 000 000 061 000 000 000 000 000 000 000 000 000 000 000 000 000 000 000 000 000 000 000 048 000 000 000 000 000 011 000 072 027 034 000 000 000 000 
011 000 000 056 014 000 000 015 006 000 473 2851 000 033 000 000 000 000 010 056 000 000 034 334 000 000 000 011 310 000 000 000 000 520 000 087 000 000 038 016 130 660 000 022 000 000 000 000 011 111 000 000 087 453 053 124 030 000 000 607 000 379 000 017 000 000 000 148 050 149 412 1965 000 029 000 000 
000 000 000 000 000 000 000 000 000 000 015 000 000 000 000 000 000 000 000 000 000 000 000 000 000 000 000 000 000 000 000 000 000 000 000 000 000 000 000 000 000 020 000 000 000 000 000 000 000 021 000 000 000 000 000 000 000 000 000 000 000 000 000 000 000 000 000 000 000 044 052 026 000 000 000 000 
000 000 000 000 000 000 000 000 000 000 000 000 000 000 000 000 000 000 000 000 000 000 000 000 000 000 000 000 000 000 000 000 000 000 000 000 000 000 000 000 000 013 000 000 000 000 000 000 000 000 000 000 000 000 000 000 000 000 000 000 000 013 000 000 000 000 000 000 000 000 000 000 000 000 000 000 
000 000 000 000 000 000 000 000 053 000 382 109 000 000 000 013 000 000 019 129 000 000 000 048 000 000 000 020 070 000 000 014 000 363 000 024 000 000 090 000 000 329 000 000 000 000 000 000 000 066 000 000 000 053 017 022 000 000 000 032 000 221 000 000 000 000 000 025 034 1064 151 665 000 000 000 000 
046 054 000 000 000 000 011 018 314 000 1105 2050 473 137 000 710 000 000 000 562 000 000 069 013 000 011 010 718 382 000 013 032 030 415 013 076 131 012 213 132 087 679 088 000 015 191 000 000 000 242 047 020 066 192 044 116 000 000 000 000 006 1499 000 000 000 000 000 354 099 1252 1378 2838 012 068 067 021 
000 000 000 000 000 000 000 000 000 000 000 000 000 000 000 000 000 000 000 000 000 000 000 000 000 000 000 000 000 000 000 000 000 000 000 000 000 000 049 000 000 000 000 000 000 000 000 000 000 000 000 000 000 018 000 000 000 000 000 000 000 000 000 000 000 000 000 000 000 000 000 000 000 000 000 000 
000 000 000 000 000 000 000 000 000 000 054 177 000 000 000 000 000 000 000 039 000 000 000 000 000 000 000 012 000 000 000 000 000 011 000 013 000 000 000 000 000 022 000 000 000 000 000 000 000 000 000 000 000 066 000 013 000 000 000 039 000 000 000 000 000 000 000 011 000 016 011 044 000 000 000 000 
000 000 000 000 000 000 000 000 000 000 032 000 000 000 000 000 000 000 000 019 000 000 000 000 000 000 000 000 000 000 000 000 000 000 000 000 000 000 013 000 000 010 000 000 000 000 000 000 000 000 000 000 000 000 000 000 000 000 000 000 000 011 000 000 000 000 000 000 000 039 000 013 000 000 000 000 
026 011 014 031 000 000 022 000 256 000 420 2338 261 067 000 468 000 000 000 016 000 000 188 1701 000 013 000 6723 016 000 000 000 044 102 034 085 410 080 000 155 000 074 035 000 000 231 000 011 000 000 104 000 034 3952 112 277 387 018 006 1972 032 132 000 040 000 000 000 132 000 771 116 204 000 055 054 000 
000 000 000 000 000 000 000 013 000 000 022 029 000 021 000 000 000 000 000 000 000 000 000 013 000 000 000 034 000 000 000 000 000 000 000 000 000 000 000 000 000 047 000 000 000 000 100 000 000 000 000 000 000 000 000 076 011 000 000 013 000 2710 000 000 000 000 000 000 000 411 1578 000 000 000 000 000 
000 000 000 000 000 000 000 000 000 000 000 000 000 000 000 000 000 000 000 000 000 000 000 000 000 000 000 000 000 000 000 000 000 000 000 000 000 000 062 000 000 000 000 000 000 000 000 000 000 011 000 000 000 000 000 000 000 000 000 000 000 000 000 000 000 000 000 000 000 000 000 000 000 000 000 000 
000 000 000 000 036 000 000 000 000 000 021 000 013 000 000 000 000 000 000 000 000 000 000 000 000 000 000 015 000 000 000 000 000 000 000 013 000 000 000 000 000 000 000 000 000 000 000 000 000 000 000 000 000 085 000 000 013 000 000 047 039 013 000 000 000 000 000 000 000 021 000 000 000 000 000 000 
000 000 000 000 000 000 000 000 000 000 021 074 000 000 000 000 000 000 000 000 000 000 000 048 000 000 000 000 000 000 013 000 000 000 000 000 000 000 000 000 000 000 000 000 000 000 000 000 000 000 000 000 000 011 000 000 000 000 000 000 000 000 000 000 000 000 000 000 000 000 034 000 000 000 000 000 
000 000 000 000 000 000 000 000 000 000 032 141 000 000 000 000 000 000 014 261 013 000 000 017 000 000 000 013 000 000 000 000 000 185 000 026 000 000 000 000 000 000 000 000 000 000 000 000 000 000 000 000 000 024 000 026 000 000 000 013 000 000 000 000 000 000 000 000 000 018 031 069 000 000 013 000 
000 000 000 000 000 000 046 000 065 000 706 659 443 013 000 1036 000 000 011 592 000 000 066 000 000 073 019 329 223 010 000 000 013 147 046 000 234 000 000 138 000 620 040 000 000 385 000 000 034 262 088 018 109 185 000 099 000 000 000 000 000 297 000 000 000 027 000 452 126 046 061 2279 070 000 232 000 
000 000 000 000 000 000 000 000 000 000 031 062 000 000 000 000 000 000 000 017 000 000 000 011 000 000 000 010 000 000 000 000 000 000 000 013 000 000 116 000 000 063 000 000 000 000 000 000 000 000 000 000 000 000 000 000 000 000 000 000 000 034 000 000 000 000 000 011 000 061 000 047 000 000 000 000 
000 000 000 000 000 000 000 000 000 000 089 661 000 000 000 000 000 000 000 012 000 000 000 084 000 018 000 029 046 000 000 000 000 058 000 000 000 000 000 000 000 058 000 000 000 000 000 000 000 000 000 000 016 123 000 000 000 000 000 100 000 107 000 000 000 000 000 000 011 047 209 245 000 000 000 000 
000 020 000 000 000 000 000 000 000 000 245 1450 000 019 000 032 000 000 000 188 000 000 000 123 000 000 000 165 136 000 000 000 010 277 000 042 000 000 000 000 018 287 000 000 000 013 000 000 000 046 000 000 026 135 057 000 018 000 000 192 000 172 000 000 000 000 000 011 000 093 164 608 000 011 000 000 
022 000 000 013 000 000 000 000 000 000 011 311 018 000 000 013 000 000 000 000 000 000 013 065 000 013 000 062 000 000 000 000 000 030 030 000 013 000 000 000 000 015 000 000 000 013 000 000 028 000 000 000 000 102 013 000 013 000 000 172 000 006 000 000 000 000 000 000 000 032 032 000 000 000 000 000 
014 000 000 013 000 000 000 000 068 000 262 1054 031 000 000 026 000 000 033 141 000 000 000 173 000 000 000 013 011 000 000 000 000 166 000 050 016 000 011 000 034 252 021 000 000 000 000 000 000 000 000 000 035 328 016 052 055 000 006 353 000 117 000 000 000 000 000 000 000 052 068 277 000 000 000 000 
000 000 000 000 000 000 000 000 011 000 052 010 000 000 065 000 000 257 000 000 000 000 000 000 000 000 000 010 000 000 000 000 000 139 000 000 000 000 1676 000 000 143 000 000 000 000 000 000 000 018 000 000 000 000 000 000 000 000 000 000 000 080 000 000 000 000 000 000 000 037 120 000 000 000 000 000 
000 000 000 030 000 000 017 014 000 000 021 000 083 000 000 197 000 000 000 130 000 000 063 000 000 000 000 035 000 000 020 000 036 000 000 000 059 000 000 018 000 010 054 000 000 118 000 000 000 000 043 006 000 000 000 000 000 000 000 000 000 000 000 000 000 000 000 096 000 026 018 083 000 000 019 000 
000 042 000 000 000 000 000 017 046 000 055 133 000 037 000 057 000 000 000 011 000 000 000 081 000 000 000 201 108 000 000 016 000 000 000 000 000 000 018 000 000 065 000 000 000 000 011 018 015 133 013 000 041 045 000 165 036 000 000 013 000 7752 000 000 000 000 000 040 108 1111 1454 546 000 000 000 000 
000 000 000 000 000 000 000 000 000 000 029 316 000 000 000 000 000 000 000 038 000 000 000 000 000 000 000 000 050 000 000 000 000 084 000 056 000 000 000 000 000 104 000 000 000 000 000 000 000 010 000 000 015 000 000 000 020 000 000 000 000 029 000 000 000 000 000 013 000 027 000 102 000 000 000 000 
000 000 000 000 000 000 000 000 000 000 000 000 000 000 000 000 000 000 000 013 000 000 000 000 000 000 000 011 000 000 000 000 000 000 000 000 000 000 000 000 000 000 000 000 000 000 000 000 000 000 000 000 000 000 000 000 000 000 000 000 000 011 000 000 000 000 000 000 000 000 000 000 000 000 000 000 
000 000 000 000 000 000 000 000 000 000 000 000 000 000 000 000 000 011 000 000 000 000 000 000 000 000 000 000 000 000 000 000 000 082 000 000 000 000 011 000 000 000 000 000 000 000 000 000 000 000 000 000 000 000 000 000 000 000 000 000 000 013 000 000 000 000 000 000 000 000 000 000 000 000 000 000 
000 000 000 000 000 000 000 000 000 000 000 000 000 000 000 2055 000 000 000 000 000 000 000 000 013 057 000 011 000 000 000 000 037 000 000 000 522 000 000 315 000 000 048 000 000 000 000 000 000 000 124 000 000 000 000 000 000 000 000 000 000 029 000 000 000 022 000 122 000 000 000 014 000 000 224 000 
000 015 000 000 000 000 000 000 000 000 000 018 000 017 000 000 000 000 000 000 000 000 000 000 000 000 000 011 000 000 000 000 000 011 000 000 000 000 000 000 000 000 011 000 000 000 000 000 000 000 000 000 000 013 000 000 000 000 000 035 000 412 000 000 000 000 000 000 000 031 099 000 000 018 000 000 
000 000 000 000 000 000 000 000 000 000 018 000 000 000 000 000 000 000 000 000 000 000 000 000 000 000 000 000 000 000 000 000 000 000 000 000 000 000 000 000 000 011 000 000 000 000 000 000 000 000 000 000 000 000 000 000 000 000 000 000 000 000 000 000 000 000 000 000 000 013 000 000 000 000 000 000 
000 000 000 000 000 000 000 000 000 000 030 037 000 000 000 000 000 000 000 000 000 000 000 011 000 000 000 000 000 000 000 000 000 000 000 000 000 000 000 000 000 033 000 000 000 000 000 000 000 047 000 000 016 019 000 000 000 000 000 000 000 000 000 000 000 000 000 000 000 000 000 048 000 000 000 000 
000 000 000 000 000 000 000 000 166 000 108 630 045 000 000 173 000 000 000 018 000 000 062 073 000 000 000 034 000 000 013 000 000 047 000 000 011 000 000 024 000 000 018 000 000 032 000 000 000 000 000 000 000 316 065 000 000 000 000 368 000 145 000 039 000 013 000 050 000 261 064 035 000 000 000 000 
000 000 000 000 000 000 000 000 000 000 086 291 000 018 000 016 000 000 000 139 000 000 000 000 000 000 000 027 000 039 000 000 000 054 000 035 000 000 000 000 000 046 000 000 000 000 000 000 000 000 011 000 000 081 011 000 017 000 000 063 000 069 000 000 000 000 000 013 000 140 047 159 000 000 000 000 
000 000 000 000 000 000 000 000 020 000 000 000 000 000 000 000 000 006 000 011 000 000 000 000 000 000 000 000 000 000 000 000 000 037 000 000 000 000 034 000 000 000 000 000 000 000 000 000 000 000 000 000 000 000 000 000 000 000 000 000 000 000 000 000 000 000 000 000 000 000 039 000 000 000 000 000 
000 000 000 000 000 000 000 011 022 000 000 013 000 013 000 013 000 000 000 000 000 000 000 029 000 000 000 087 000 000 000 000 000 014 000 000 000 018 000 016 000 037 000 000 000 000 032 000 000 018 000 000 128 000 000 023 000 000 000 000 000 1646 000 000 000 000 000 000 000 206 369 000 000 026 000 000 
000 041 000 000 000 000 046 000 1072 000 1560 4458 552 123 000 992 000 000 011 394 000 000 428 2488 013 020 011 1199 148 000 013 016 091 1402 016 440 305 000 195 177 075 700 047 000 018 235 042 000 019 122 059 000 141 000 000 083 011 000 000 000 035 1008 000 000 000 029 013 471 070 1233 999 3291 029 039 044 041 
000 000 014 000 000 000 000 000 000 000 060 049 070 031 000 033 000 000 000 039 000 000 014 000 000 000 000 118 016 000 000 000 000 090 000 000 000 000 000 000 019 062 021 000 000 000 000 000 000 000 000 000 006 000 000 389 000 000 000 000 000 011 000 000 000 000 000 000 000 029 081 171 019 000 000 132 
011 000 011 013 000 000 000 000 085 000 171 658 087 000 000 248 000 000 000 145 000 000 122 209 000 011 000 178 000 000 024 000 000 023 028 027 011 000 016 049 013 115 000 000 000 018 000 000 006 000 013 000 024 404 013 000 037 000 000 665 014 1010 000 011 000 000 000 024 036 433 186 195 000 000 039 031 
000 000 000 000 000 000 000 000 011 000 058 355 000 000 000 113 000 000 000 020 000 000 021 122 000 000 000 024 000 000 000 000 000 127 000 000 018 000 000 000 006 017 000 000 000 050 000 000 000 021 000 035 025 135 000 053 000 000 000 034 000 019 000 006 000 011 000 000 000 030 033 128 000 018 000 000 
000 000 000 000 000 000 000 000 000 000 000 000 000 000 000 000 000 000 000 000 000 000 000 000 000 000 000 000 000 000 000 000 000 000 000 000 000 000 000 000 000 000 000 000 000 000 000 000 000 000 000 000 000 000 000 000 000 000 000 000 000 000 000 000 000 000 000 000 000 000 000 018 000 000 000 000 
000 000 000 000 000 000 000 000 000 000 000 000 000 000 000 000 000 000 000 000 000 000 000 000 000 000 000 000 000 000 000 000 000 000 000 000 000 000 028 000 000 000 000 000 000 000 000 000 000 000 000 000 000 000 000 000 000 000 000 000 000 000 000 000 000 000 000 000 000 000 000 000 000 000 000 000 
000 000 000 000 000 000 000 000 000 000 000 000 000 000 000 000 000 000 000 000 000 000 000 000 000 000 000 000 000 000 000 000 000 000 000 000 000 000 000 000 000 000 000 000 000 000 000 000 000 000 000 000 000 000 000 014 000 000 000 000 000 000 000 000 000 000 000 000 000 000 000 000 000 000 000 000 
000 000 000 000 000 000 000 000 000 000 000 029 000 000 000 000 000 000 000 000 000 000 000 000 000 000 000 078 000 000 018 000 000 000 000 000 000 000 000 014 011 000 000 000 000 000 000 000 000 000 000 000 000 000 006 011 000 000 000 051 000 000 000 000 000 000 000 000 000 000 000 013 000 000 000 000 
011 070 000 262 006 000 011 000 1777 000 969 19123 435 034 000 1294 000 000 018 109 000 000 622 3758 000 046 035 905 055 000 011 011 069 718 040 104 288 015 314 082 011 211 117 000 011 445 011 000 020 010 090 000 011 7037 384 1214 181 000 000 4962 011 580 000 147 000 011 000 224 000 9731 022 513 037 143 106 021 
000 000 000 000 000 000 000 000 000 000 000 017 000 000 000 000 000 000 000 000 000 000 000 000 000 000 000 000 000 000 000 000 000 000 000 000 000 000 000 000 000 000 000 000 000 000 000 000 000 000 000 000 000 000 000 000 000 000 000 017 000 000 000 000 000 000 000 016 000 000 000 000 000 000 000 000 
000 000 000 000 000 000 011 000 017 000 058 180 000 000 000 024 000 000 000 013 000 000 000 113 000 000 000 011 000 000 000 000 000 076 000 000 000 000 000 000 000 000 000 000 000 021 000 000 000 011 000 000 000 000 000 000 000 000 000 000 000 016 000 000 000 000 000 021 000 000 000 000 000 000 000 000 
000 000 000 000 000 000 000 000 000 000 000 000 000 000 000 000 000 000 000 000 000 000 000 000 000 000 000 000 000 000 000 000 000 000 000 000 000 000 000 000 000 000 000 000 000 000 000 000 000 000 000 000 000 000 000 000 000 000 000 000 000 000 000 000 000 000 000 000 000 000 000 000 000 013 000 000 
000 000 000 000 000 000 000 000 000 000 000 000 000 000 000 000 000 029 000 000 000 000 000 000 000 000 000 000 000 000 000 000 000 000 000 000 000 000 215 000 000 011 000 000 000 000 000 000 000 000 000 000 000 000 000 000 000 000 000 000 000 011 000 000 000 000 000 000 000 000 000 000 000 000 000 000 
000 000 000 000 000 000 000 000 000 000 000 000 000 000 000 000 000 000 000 000 000 000 000 000 000 000 000 000 000 000 000 000 000 000 000 000 000 000 000 000 000 000 000 000 000 000 000 000 000 000 000 000 000 000 000 000 000 000 000 000 000 000 000 000 000 000 000 000 000 000 013 000 000 000 000 000 
000 000 000 013 000 000 040 000 000 000 100 139 042 000 000 1723 000 000 000 018 000 000 077 119 018 068 000 016 053 000 000 000 046 053 017 000 722 000 000 192 013 029 129 000 000 047 000 000 000 061 093 000 010 299 000 081 049 000 000 137 013 089 000 000 000 051 000 123 000 302 142 140 000 000 237 000 
000 000 000 024 000 000 013 000 165 000 000 029 058 000 000 144 000 000 000 010 000 000 205 029 000 000 000 000 000 000 000 000 024 000 016 000 000 000 000 016 000 000 000 000 000 000 000 000 000 000 000 000 000 113 044 051 000 000 000 083 000 030 000 000 000 000 000 012 000 022 042 032 000 000 000 000 
000 024 000 134 000 000 000 031 1123 000 495 7735 289 047 000 617 000 000 000 260 000 000 419 2506 000 023 000 452 014 000 000 000 052 812 017 026 147 000 058 138 042 146 051 000 000 224 000 000 017 061 029 020 060 4364 289 786 292 000 000 4048 016 3299 000 134 000 000 000 080 000 977 1462 267 000 047 115 000 
000 000 000 058 000 000 000 022 971 000 725 7134 239 011 000 730 000 000 000 048 000 000 269 2232 000 019 013 199 057 000 000 000 039 227 031 091 082 000 071 068 031 055 018 013 000 237 000 000 000 013 036 000 012 3475 169 359 109 000 000 2248 000 050 000 119 000 018 000 066 000 4899 183 096 012 011 095 000 
014 000 000 000 000 013 000 066 1932 013 351 193 000 140 000 089 000 000 000 033 000 000 000 000 000 023 000 2821 056 000 000 000 000 000 000 000 167 029 038 010 016 217 000 000 011 000 400 000 011 207 000 000 000 000 000 609 000 000 000 000 000 20687 000 000 000 000 000 000 000 2996 8088 000 000 268 034 000 
000 000 000 000 000 000 000 000 000 000 049 051 000 000 000 000 000 000 000 000 000 000 000 000 000 000 000 012 000 000 000 000 000 011 000 000 000 000 011 000 000 037 000 000 000 000 000 000 000 000 000 000 000 011 000 000 000 000 000 000 000 035 000 000 000 000 000 000 000 011 000 029 000 000 000 000 
000 000 000 000 000 000 000 000 000 023 010 407 000 130 000 000 000 000 000 000 000 000 016 067 000 000 000 063 000 000 000 000 000 013 000 000 000 013 000 000 000 000 000 000 000 000 000 000 000 000 000 000 000 029 000 000 000 000 000 025 000 052 050 000 000 000 000 000 000 029 624 000 000 000 000 000 
000 000 000 017 000 000 000 000 000 000 107 388 000 000 000 000 000 000 000 101 031 000 000 029 000 000 000 013 055 000 000 000 000 096 000 073 000 000 000 000 000 173 000 000 000 000 000 000 000 000 000 000 000 162 033 023 000 000 000 037 018 102 000 000 000 000 000 000 011 123 090 422 000 000 000 000 
000 000 000 000 000 000 000 000 000 000 013 179 000 000 000 029 000 000 000 000 000 000 000 045 000 000 000 043 000 000 000 000 039 000 000 000 021 000 000 000 101 000 000 000 000 046 000 000 000 013 000 000 000 000 000 000 000 000 000 000 000 018 000 000 000 000 000 049 000 033 000 128 000 000 000 000 
